2221325873 1454293336 355744215
4277004585 324294413 17962711
1238655609 3619185410 494391059
977593115 3383535984 235649426
3385910940 2463336253 368813361
324294413 1810037551 39221209
4220718489 2832149614 56286096
2577070088 2888435710 187376213
1224371660 4280683347 14283949
1733046668 353386243 267346003
1213242541 342257124 11129119
363515622 1849258760 614077493
2088352652 4113576469 99951761
3258228856 1393766369 60526967
3754724301 3075811923 274702601
2000392671 620732246 87959981
3318755823 4213528230 67155117
2188304413 3350514524 33021460
2764446301 708692227 493782555
4029426902 1202474782 191291587
humidity-to-location map:

673114176 1589493605 709593610
3599914848 2514344851 206133806
3806048654 3877581756 183653607
2150136996 2299087215 74509240
2224646236 964402346 136479334
3989702261 3174279540 253755703
3401783169 3428035243 198131679
631276574 296349989 41837602
2361125570 1100881680 12470885
474046962 139120377 157229612
2125965538 338187591 24171458
2794540666 2818451871 291123088
1413091116 1113352565 226228528
1382707786 1339581093 30383330
1986845161 0 139120377
3150368335 3626166922 251414834
1639319644 384148930 347525517
3085663754 3109574959 64704581
4243457964 2720478657 51509332
452257081 362359049 21789881
0 1369964423 219529182
2514344851 4061235363 233731933
2748076784 2771987989 46463882
219529182 731674447 232727899
temperature-to-humidity map:

208698474 2956283752 60362742
1922982743 3097080098 48896776
4056131445 3939303002 91031541
3870276626 3759640388 61568493
823480428 678838937 208325407
1031805835 2651582714 30888406
269061216 1782527149 186272278
3787191198 3886882431 52420571
1062694241 663390723 7404357
3137933017 672135537 6703400
579395932 2819071292 137212460
3931845119 4134228979 124286326
1971879519 1968799427 98841996
2226276580 188687737 474702986
4205474158 4060999400 73229579
2700979566 887164344 8371570
3057523590 3016646494 75216883
43545350 1466108138 72098302
716608392 2072833967 101655315
1070098598 2174489282 249179249
4278703737 3743376829 16263559
4147162986 3685065657 58311172
3132740473 2067641423 5192544
2070721515 33132672 155555065
3750739207 4258515305 36451991
3839611769 4030334543 30664857
455333494 1538206440 124062438
115643652 2726016470 93054822
2709351136 1662268878 120258271
1352410519 895535914 570572224
3144636417 670795080 1340457
818263707 3091863377 5216721
1319277847 0 33132672
3685065657 3821208881 65673550
2829609407 2423668531 227914183
0 2682471120 43545350
light-to-temperature map:

936626808 2639768197 48896273
899442042 2688664470 37184766
1794575726 4194704596 100262700
4153316479 954128778 141650817
985523081 2265459281 201936339
2387940584 952449859 1678919
1622203149 2467395620 172372577
1187459420 657837215 238163829
3855267142 2058439914 207019367
2389619503 896001044 56448815
1894838426 3838643874 509194
2446068318 3930183038 79416561
1425623249 4009599599 185104997
1895347620 1337384422 492592964
657837215 1095779595 241604827
2525484879 1829977386 228462528
2753947407 2725849236 1101319735
1610728246 3827168971 11474903
4062286509 3839153068 91029970
water-to-light map:

1371139101 658997470 67833148
832770063 1883324153 154367322
3049887665 1074711570 230851760
463275817 2037691475 9186701
988081011 496865375 132811563
472462518 1305563330 121272239
412642092 1681183798 21313193
1262293455 965865924 108845646
2632580852 2308325745 186130037
1438972249 2860819577 100601284
1734868845 3350732055 46739026
2966608008 0 83279657
987137385 83279657 943626
593734757 726830618 239035306
2153549522 2046878176 261447569
1144731129 1702496991 117562326
0 84223283 357701033
3794992098 1820059317 63264836
1539573533 3662961622 195295312
1120892574 3179004622 23838555
2818710889 1426835569 147897119
3280739425 2494455782 366363795
433955285 629676938 29320532
1781607871 3397471081 265490541
3647103220 3202843177 147888878
2414997091 2961420861 217583761
2047098412 1574732688 106451110
357701033 441924316 54941059
fertilizer-to-water map:

3192569109 3848087833 200538182
3393107291 4135145699 103147688
16090261 1326024270 151132867
2658368481 2939571738 223868548
464396227 1477437387 171478978
3814717711 3460038317 353763308
2104392008 1648916365 171276529
2454687794 4238293387 56673909
3496254979 4048626015 86519684
4168481019 2454687794 126486277
167223128 1820192894 33887374
1069309250 1854080268 391077936
2916523237 2728180849 211390889
635875205 449671360 136685249
1044398273 1164143036 24910977
1597357443 1036732494 127410542
1724767985 602446870 349113690
3127914126 3163440286 64654983
2073881675 2245158204 30510333
3582774663 3444963239 15075078
201110502 1477157137 280250
2511361703 2581174071 147006778
1460387186 1189054013 136970257
0 586356609 16090261
2882237029 3813801625 34286208
959226339 951560560 85171934
3597849741 3228095269 216867970
772560454 263005475 186665885
201390752 0 263005475
soil-to-fertilizer map:

371129494 3065437368 280912078
1185429212 806552651 222606511
2229092134 1029159162 724888590
3027681982 1754047752 331562726
2953980724 0 73701258
0 3778153831 371129494
2140887116 3689948813 88205018
1408035723 73701258 732851393
841829845 3346349446 343599367
652041572 2536191232 189788273
3359244708 2085610478 450580754
3809825462 2725979505 339457863
seed-to-soil map:

seeds: 629551616 310303897 265998072 58091853 3217788227 563748665 2286940694 820803307 1966060902 108698829 190045874 3206262 4045963015 223661537 1544688274 293696584 1038807941 31756878 1224711373 133647424
